-2.0000e+02 -2.0000e+02 0.0000e+00
-2.0000e+02 -1.9000e+02 0.0000e+00
-2.0000e+02 -1.8000e+02 3.7222e-312
-2.0000e+02 -1.7000e+02 5.9034e-297
-2.0000e+02 -1.6000e+02 1.2671e-282
-2.0000e+02 -1.5000e+02 3.6809e-269
-2.0000e+02 -1.4000e+02 1.4471e-256
-2.0000e+02 -1.3000e+02 7.6991e-245
-2.0000e+02 -1.2000e+02 5.5437e-234
-2.0000e+02 -1.1000e+02 5.4023e-224
-2.0000e+02 -1.0000e+02 7.1246e-215
-2.0000e+02 -9.0000e+01 1.2716e-206
-2.0000e+02 -8.0000e+01 3.0716e-199
-2.0000e+02 -7.0000e+01 1.0041e-192
-2.0000e+02 -6.0000e+01 4.4423e-187
-2.0000e+02 -5.0000e+01 2.6598e-182
-2.0000e+02 -4.0000e+01 2.1552e-178
-2.0000e+02 -3.0000e+01 2.3635e-175
-2.0000e+02 -2.0000e+01 3.5078e-173
-2.0000e+02 -1.0000e+01 7.0455e-172
-2.0000e+02 0.0000e+00 1.9152e-171
-2.0000e+02 1.0000e+01 7.0455e-172
-2.0000e+02 2.0000e+01 3.5078e-173
-2.0000e+02 3.0000e+01 2.3635e-175
-2.0000e+02 4.0000e+01 2.1552e-178
-2.0000e+02 5.0000e+01 2.6598e-182
-2.0000e+02 6.0000e+01 4.4423e-187
-2.0000e+02 7.0000e+01 1.0041e-192
-2.0000e+02 8.0000e+01 3.0716e-199
-2.0000e+02 9.0000e+01 1.2716e-206
-2.0000e+02 1.0000e+02 7.1246e-215
-2.0000e+02 1.1000e+02 5.4023e-224
-2.0000e+02 1.2000e+02 5.5437e-234
-2.0000e+02 1.3000e+02 7.6991e-245
-2.0000e+02 1.4000e+02 1.4471e-256
-2.0000e+02 1.5000e+02 3.6809e-269
-2.0000e+02 1.6000e+02 1.2671e-282
-2.0000e+02 1.7000e+02 5.9034e-297
-2.0000e+02 1.8000e+02 3.7222e-312
-2.0000e+02 1.9000e+02 0.0000e+00
-2.0000e+02 2.0000e+02 0.0000e+00
-1.9000e+02 -2.0000e+02 0.0000e+00
-1.9000e+02 -1.9000e+02 2.7503e-311
-1.9000e+02 -1.8000e+02 3.2231e-295
-1.9000e+02 -1.7000e+02 5.1120e-280
-1.9000e+02 -1.6000e+02 1.0972e-265
-1.9000e+02 -1.5000e+02 3.1874e-252
-1.9000e+02 -1.4000e+02 1.2531e-239
-1.9000e+02 -1.3000e+02 6.6669e-228
-1.9000e+02 -1.2000e+02 4.8005e-217
-1.9000e+02 -1.1000e+02 4.6780e-207
-1.9000e+02 -1.0000e+02 6.1694e-198
-1.9000e+02 -9.0000e+01 1.1011e-189
-1.9000e+02 -8.0000e+01 2.6598e-182
-1.9000e+02 -7.0000e+01 8.6949e-176
-1.9000e+02 -6.0000e+01 3.8467e-170
-1.9000e+02 -5.0000e+01 2.3032e-165
-1.9000e+02 -4.0000e+01 1.8663e-161
-1.9000e+02 -3.0000e+01 2.0466e-158
-1.9000e+02 -2.0000e+01 3.0375e-156
-1.9000e+02 -1.0000e+01 6.1010e-155
-1.9000e+02 0.0000e+00 1.6584e-154
-1.9000e+02 1.0000e+01 6.1010e-155
-1.9000e+02 2.0000e+01 3.0375e-156
-1.9000e+02 3.0000e+01 2.0466e-158
-1.9000e+02 4.0000e+01 1.8663e-161
-1.9000e+02 5.0000e+01 2.3032e-165
-1.9000e+02 6.0000e+01 3.8467e-170
-1.9000e+02 7.0000e+01 8.6949e-176
-1.9000e+02 8.0000e+01 2.6598e-182
-1.9000e+02 9.0000e+01 1.1011e-189
-1.9000e+02 1.0000e+02 6.1694e-198
-1.9000e+02 1.1000e+02 4.6780e-207
-1.9000e+02 1.2000e+02 4.8005e-217
-1.9000e+02 1.3000e+02 6.6669e-228
-1.9000e+02 1.4000e+02 1.2531e-239
-1.9000e+02 1.5000e+02 3.1874e-252
-1.9000e+02 1.6000e+02 1.0972e-265
-1.9000e+02 1.7000e+02 5.1120e-280
-1.9000e+02 1.8000e+02 3.2231e-295
-1.9000e+02 1.9000e+02 2.7503e-311
-1.9000e+02 2.0000e+02 0.0000e+00
-1.8000e+02 -2.0000e+02 3.7222e-312
-1.8000e+02 -1.9000e+02 3.2231e-295
-1.8000e+02 -1.8000e+02 3.7772e-279
-1.8000e+02 -1.7000e+02 5.9908e-264
-1.8000e+02 -1.6000e+02 1.2859e-249
-1.8000e+02 -1.5000e+02 3.7353e-236
-1.8000e+02 -1.4000e+02 1.4685e-223
-1.8000e+02 -1.3000e+02 7.8130e-212
-1.8000e+02 -1.2000e+02 5.6258e-201
-1.8000e+02 -1.1000e+02 5.4822e-191
-1.8000e+02 -1.0000e+02 7.2300e-182
-1.8000e+02 -9.0000e+01 1.2904e-173
-1.8000e+02 -8.0000e+01 3.1170e-166
-1.8000e+02 -7.0000e+01 1.0190e-159
-1.8000e+02 -6.0000e+01 4.5080e-154
-1.8000e+02 -5.0000e+01 2.6991e-149
-1.8000e+02 -4.0000e+01 2.1871e-145
-1.8000e+02 -3.0000e+01 2.3985e-142
-1.8000e+02 -2.0000e+01 3.5597e-140
-1.8000e+02 -1.0000e+01 7.1498e-139
-1.8000e+02 0.0000e+00 1.9435e-138
-1.8000e+02 1.0000e+01 7.1498e-139
-1.8000e+02 2.0000e+01 3.5597e-140
-1.8000e+02 3.0000e+01 2.3985e-142
-1.8000e+02 4.0000e+01 2.1871e-145
-1.8000e+02 5.0000e+01 2.6991e-149
-1.8000e+02 6.0000e+01 4.5080e-154
-1.8000e+02 7.0000e+01 1.0190e-159
-1.8000e+02 8.0000e+01 3.1170e-166
-1.8000e+02 9.0000e+01 1.2904e-173
-1.8000e+02 1.0000e+02 7.2300e-182
-1.8000e+02 1.1000e+02 5.4822e-191
-1.8000e+02 1.2000e+02 5.6258e-201
-1.8000e+02 1.3000e+02 7.8130e-212
-1.8000e+02 1.4000e+02 1.4685e-223
-1.8000e+02 1.5000e+02 3.7353e-236
-1.8000e+02 1.6000e+02 1.2859e-249
-1.8000e+02 1.7000e+02 5.9908e-264
-1.8000e+02 1.8000e+02 3.7772e-279
-1.8000e+02 1.9000e+02 3.2231e-295
-1.8000e+02 2.0000e+02 3.7222e-312
-1.7000e+02 -2.0000e+02 5.9034e-297
-1.7000e+02 -1.9000e+02 5.1120e-280
-1.7000e+02 -1.8000e+02 5.9908e-264
-1.7000e+02 -1.7000e+02 9.5014e-249
-1.7000e+02 -1.6000e+02 2.0394e-234
-1.7000e+02 -1.5000e+02 5.9243e-221
-1.7000e+02 -1.4000e+02 2.3290e-208
-1.7000e+02 -1.3000e+02 1.2392e-196
-1.7000e+02 -1.2000e+02 8.9226e-186
-1.7000e+02 -1.1000e+02 8.6949e-176
-1.7000e+02 -1.0000e+02 1.1467e-166
-1.7000e+02 -9.0000e+01 2.0466e-158
-1.7000e+02 -8.0000e+01 4.9437e-151
-1.7000e+02 -7.0000e+01 1.6161e-144
-1.7000e+02 -6.0000e+01 7.1498e-139
-1.7000e+02 -5.0000e+01 4.2809e-134
-1.7000e+02 -4.0000e+01 3.4688e-130
-1.7000e+02 -3.0000e+01 3.8040e-127
-1.7000e+02 -2.0000e+01 5.6457e-125
-1.7000e+02 -1.0000e+01 1.1340e-123
-1.7000e+02 0.0000e+00 3.0824e-123
-1.7000e+02 1.0000e+01 1.1340e-123
-1.7000e+02 2.0000e+01 5.6457e-125
-1.7000e+02 3.0000e+01 3.8040e-127
-1.7000e+02 4.0000e+01 3.4688e-130
-1.7000e+02 5.0000e+01 4.2809e-134
-1.7000e+02 6.0000e+01 7.1498e-139
-1.7000e+02 7.0000e+01 1.6161e-144
-1.7000e+02 8.0000e+01 4.9437e-151
-1.7000e+02 9.0000e+01 2.0466e-158
-1.7000e+02 1.0000e+02 1.1467e-166
-1.7000e+02 1.1000e+02 8.6949e-176
-1.7000e+02 1.2000e+02 8.9226e-186
-1.7000e+02 1.3000e+02 1.2392e-196
-1.7000e+02 1.4000e+02 2.3290e-208
-1.7000e+02 1.5000e+02 5.9243e-221
-1.7000e+02 1.6000e+02 2.0394e-234
-1.7000e+02 1.7000e+02 9.5014e-249
-1.7000e+02 1.8000e+02 5.9908e-264
-1.7000e+02 1.9000e+02 5.1120e-280
-1.7000e+02 2.0000e+02 5.9034e-297
-1.6000e+02 -2.0000e+02 1.2671e-282
-1.6000e+02 -1.9000e+02 1.0972e-265
-1.6000e+02 -1.8000e+02 1.2859e-249
-1.6000e+02 -1.7000e+02 2.0394e-234
-1.6000e+02 -1.6000e+02 4.3775e-220
-1.6000e+02 -1.5000e+02 1.2716e-206
-1.6000e+02 -1.4000e+02 4.9991e-194
-1.6000e+02 -1.3000e+02 2.6598e-182
-1.6000e+02 -1.2000e+02 1.9152e-171
-1.6000e+02 -1.1000e+02 1.8663e-161
-1.6000e+02 -1.0000e+02 2.4613e-152
-1.6000e+02 -9.0000e+01 4.3930e-144
-1.6000e+02 -8.0000e+01 1.0611e-136
-1.6000e+02 -7.0000e+01 3.4688e-130
-1.6000e+02 -6.0000e+01 1.5347e-124
-1.6000e+02 -5.0000e+01 9.1886e-120
-1.6000e+02 -4.0000e+01 7.4456e-116
-1.6000e+02 -3.0000e+01 8.1651e-113
-1.6000e+02 -2.0000e+01 1.2118e-110
-1.6000e+02 -1.0000e+01 2.4340e-109
-1.6000e+02 0.0000e+00 6.6163e-109
-1.6000e+02 1.0000e+01 2.4340e-109
-1.6000e+02 2.0000e+01 1.2118e-110
-1.6000e+02 3.0000e+01 8.1651e-113
-1.6000e+02 4.0000e+01 7.4456e-116
-1.6000e+02 5.0000e+01 9.1886e-120
-1.6000e+02 6.0000e+01 1.5347e-124
-1.6000e+02 7.0000e+01 3.4688e-130
-1.6000e+02 8.0000e+01 1.0611e-136
-1.6000e+02 9.0000e+01 4.3930e-144
-1.6000e+02 1.0000e+02 2.4613e-152
-1.6000e+02 1.1000e+02 1.8663e-161
-1.6000e+02 1.2000e+02 1.9152e-171
-1.6000e+02 1.3000e+02 2.6598e-182
-1.6000e+02 1.4000e+02 4.9991e-194
-1.6000e+02 1.5000e+02 1.2716e-206
-1.6000e+02 1.6000e+02 4.3775e-220
-1.6000e+02 1.7000e+02 2.0394e-234
-1.6000e+02 1.8000e+02 1.2859e-249
-1.6000e+02 1.9000e+02 1.0972e-265
-1.6000e+02 2.0000e+02 1.2671e-282
-1.5000e+02 -2.0000e+02 3.6809e-269
-1.5000e+02 -1.9000e+02 3.1874e-252
-1.5000e+02 -1.8000e+02 3.7353e-236
-1.5000e+02 -1.7000e+02 5.9243e-221
-1.5000e+02 -1.6000e+02 1.2716e-206
-1.5000e+02 -1.5000e+02 3.6939e-193
-1.5000e+02 -1.4000e+02 1.4522e-180
-1.5000e+02 -1.3000e+02 7.7263e-169
-1.5000e+02 -1.2000e+02 5.5633e-158
-1.5000e+02 -1.1000e+02 5.4214e-148
-1.5000e+02 -1.0000e+02 7.1498e-139
-1.5000e+02 -9.0000e+01 1.2761e-130
-1.5000e+02 -8.0000e+01 3.0824e-123
-1.5000e+02 -7.0000e+01 1.0077e-116
-1.5000e+02 -6.0000e+01 4.4580e-111
-1.5000e+02 -5.0000e+01 2.6692e-106
-1.5000e+02 -4.0000e+01 2.1629e-102
-1.5000e+02 -3.0000e+01 2.3719e-99
-1.5000e+02 -2.0000e+01 3.5202e-97
-1.5000e+02 -1.0000e+01 7.0705e-96
-1.5000e+02 0.0000e+00 1.9219e-95
-1.5000e+02 1.0000e+01 7.0705e-96
-1.5000e+02 2.0000e+01 3.5202e-97
-1.5000e+02 3.0000e+01 2.3719e-99
-1.5000e+02 4.0000e+01 2.1629e-102
-1.5000e+02 5.0000e+01 2.6692e-106
-1.5000e+02 6.0000e+01 4.4580e-111
-1.5000e+02 7.0000e+01 1.0077e-116
-1.5000e+02 8.0000e+01 3.0824e-123
-1.5000e+02 9.0000e+01 1.2761e-130
-1.5000e+02 1.0000e+02 7.1498e-139
-1.5000e+02 1.1000e+02 5.4214e-148
-1.5000e+02 1.2000e+02 5.5633e-158
-1.5000e+02 1.3000e+02 7.7263e-169
-1.5000e+02 1.4000e+02 1.4522e-180
-1.5000e+02 1.5000e+02 3.6939e-193
-1.5000e+02 1.6000e+02 1.2716e-206
-1.5000e+02 1.7000e+02 5.9243e-221
-1.5000e+02 1.8000e+02 3.7353e-236
-1.5000e+02 1.9000e+02 3.1874e-252
-1.5000e+02 2.0000e+02 3.6809e-269
-1.4000e+02 -2.0000e+02 1.4471e-256
-1.4000e+02 -1.9000e+02 1.2531e-239
-1.4000e+02 -1.8000e+02 1.4685e-223
-1.4000e+02 -1.7000e+02 2.3290e-208
-1.4000e+02 -1.6000e+02 4.9991e-194
-1.4000e+02 -1.5000e+02 1.4522e-180
-1.4000e+02 -1.4000e+02 5.7090e-168
-1.4000e+02 -1.3000e+02 3.0375e-156
-1.4000e+02 -1.2000e+02 2.1871e-145
-1.4000e+02 -1.1000e+02 2.1313e-135
-1.4000e+02 -1.0000e+02 2.8108e-126
-1.4000e+02 -9.0000e+01 5.0168e-118
-1.4000e+02 -8.0000e+01 1.2118e-110
-1.4000e+02 -7.0000e+01 3.9614e-104
-1.4000e+02 -6.0000e+01 1.7526e-98
-1.4000e+02 -5.0000e+01 1.0493e-93
-1.4000e+02 -4.0000e+01 8.5030e-90
-1.4000e+02 -3.0000e+01 9.3246e-87
-1.4000e+02 -2.0000e+01 1.3839e-84
-1.4000e+02 -1.0000e+01 2.7796e-83
-1.4000e+02 0.0000e+00 7.5558e-83
-1.4000e+02 1.0000e+01 2.7796e-83
-1.4000e+02 2.0000e+01 1.3839e-84
-1.4000e+02 3.0000e+01 9.3246e-87
-1.4000e+02 4.0000e+01 8.5030e-90
-1.4000e+02 5.0000e+01 1.0493e-93
-1.4000e+02 6.0000e+01 1.7526e-98
-1.4000e+02 7.0000e+01 3.9614e-104
-1.4000e+02 8.0000e+01 1.2118e-110
-1.4000e+02 9.0000e+01 5.0168e-118
-1.4000e+02 1.0000e+02 2.8108e-126
-1.4000e+02 1.1000e+02 2.1313e-135
-1.4000e+02 1.2000e+02 2.1871e-145
-1.4000e+02 1.3000e+02 3.0375e-156
-1.4000e+02 1.4000e+02 5.7090e-168
-1.4000e+02 1.5000e+02 1.4522e-180
-1.4000e+02 1.6000e+02 4.9991e-194
-1.4000e+02 1.7000e+02 2.3290e-208
-1.4000e+02 1.8000e+02 1.4685e-223
-1.4000e+02 1.9000e+02 1.2531e-239
-1.4000e+02 2.0000e+02 1.4471e-256
-1.3000e+02 -2.0000e+02 7.6991e-245
-1.3000e+02 -1.9000e+02 6.6669e-228
-1.3000e+02 -1.8000e+02 7.8130e-212
-1.3000e+02 -1.7000e+02 1.2392e-196
-1.3000e+02 -1.6000e+02 2.6598e-182
-1.3000e+02 -1.5000e+02 7.7263e-169
-1.3000e+02 -1.4000e+02 3.0375e-156
-1.3000e+02 -1.3000e+02 1.6161e-144
-1.3000e+02 -1.2000e+02 1.1637e-133
-1.3000e+02 -1.1000e+02 1.1340e-123
-1.3000e+02 -1.0000e+02 1.4955e-114
-1.3000e+02 -9.0000e+01 2.6692e-106
-1.3000e+02 -8.0000e+01 6.4474e-99
-1.3000e+02 -7.0000e+01 2.1077e-92
-1.3000e+02 -6.0000e+01 9.3246e-87
-1.3000e+02 -5.0000e+01 5.5830e-82
-1.3000e+02 -4.0000e+01 4.5240e-78
-1.3000e+02 -3.0000e+01 4.9611e-75
-1.3000e+02 -2.0000e+01 7.3630e-73
-1.3000e+02 -1.0000e+01 1.4789e-71
-1.3000e+02 0.0000e+00 4.0201e-71
-1.3000e+02 1.0000e+01 1.4789e-71
-1.3000e+02 2.0000e+01 7.3630e-73
-1.3000e+02 3.0000e+01 4.9611e-75
-1.3000e+02 4.0000e+01 4.5240e-78
-1.3000e+02 5.0000e+01 5.5830e-82
-1.3000e+02 6.0000e+01 9.3246e-87
-1.3000e+02 7.0000e+01 2.1077e-92
-1.3000e+02 8.0000e+01 6.4474e-99
-1.3000e+02 9.0000e+01 2.6692e-106
-1.3000e+02 1.0000e+02 1.4955e-114
-1.3000e+02 1.1000e+02 1.1340e-123
-1.3000e+02 1.2000e+02 1.1637e-133
-1.3000e+02 1.3000e+02 1.6161e-144
-1.3000e+02 1.4000e+02 3.0375e-156
-1.3000e+02 1.5000e+02 7.7263e-169
-1.3000e+02 1.6000e+02 2.6598e-182
-1.3000e+02 1.7000e+02 1.2392e-196
-1.3000e+02 1.8000e+02 7.8130e-212
-1.3000e+02 1.9000e+02 6.6669e-228
-1.3000e+02 2.0000e+02 7.6991e-245
-1.2000e+02 -2.0000e+02 5.5437e-234
-1.2000e+02 -1.9000e+02 4.8005e-217
-1.2000e+02 -1.8000e+02 5.6258e-201
-1.2000e+02 -1.7000e+02 8.9226e-186
-1.2000e+02 -1.6000e+02 1.9152e-171
-1.2000e+02 -1.5000e+02 5.5633e-158
-1.2000e+02 -1.4000e+02 2.1871e-145
-1.2000e+02 -1.3000e+02 1.1637e-133
-1.2000e+02 -1.2000e+02 8.3789e-123
-1.2000e+02 -1.1000e+02 8.1651e-113
-1.2000e+02 -1.0000e+02 1.0768e-103
-1.2000e+02 -9.0000e+01 1.9219e-95
-1.2000e+02 -8.0000e+01 4.6425e-88
-1.2000e+02 -7.0000e+01 1.5176e-81
-1.2000e+02 -6.0000e+01 6.7142e-76
-1.2000e+02 -5.0000e+01 4.0201e-71
-1.2000e+02 -4.0000e+01 3.2575e-67
-1.2000e+02 -3.0000e+01 3.5723e-64
-1.2000e+02 -2.0000e+01 5.3017e-62
-1.2000e+02 -1.0000e+01 1.0649e-60
-1.2000e+02 0.0000e+00 2.8946e-60
-1.2000e+02 1.0000e+01 1.0649e-60
-1.2000e+02 2.0000e+01 5.3017e-62
-1.2000e+02 3.0000e+01 3.5723e-64
-1.2000e+02 4.0000e+01 3.2575e-67
-1.2000e+02 5.0000e+01 4.0201e-71
-1.2000e+02 6.0000e+01 6.7142e-76
-1.2000e+02 7.0000e+01 1.5176e-81
-1.2000e+02 8.0000e+01 4.6425e-88
-1.2000e+02 9.0000e+01 1.9219e-95
-1.2000e+02 1.0000e+02 1.0768e-103
-1.2000e+02 1.1000e+02 8.1651e-113
-1.2000e+02 1.2000e+02 8.3789e-123
-1.2000e+02 1.3000e+02 1.1637e-133
-1.2000e+02 1.4000e+02 2.1871e-145
-1.2000e+02 1.5000e+02 5.5633e-158
-1.2000e+02 1.6000e+02 1.9152e-171
-1.2000e+02 1.7000e+02 8.9226e-186
-1.2000e+02 1.8000e+02 5.6258e-201
-1.2000e+02 1.9000e+02 4.8005e-217
-1.2000e+02 2.0000e+02 5.5437e-234
-1.1000e+02 -2.0000e+02 5.4023e-224
-1.1000e+02 -1.9000e+02 4.6780e-207
-1.1000e+02 -1.8000e+02 5.4822e-191
-1.1000e+02 -1.7000e+02 8.6949e-176
-1.1000e+02 -1.6000e+02 1.8663e-161
-1.1000e+02 -1.5000e+02 5.4214e-148
-1.1000e+02 -1.4000e+02 2.1313e-135
-1.1000e+02 -1.3000e+02 1.1340e-123
-1.1000e+02 -1.2000e+02 8.1651e-113
-1.1000e+02 -1.1000e+02 7.9567e-103
-1.1000e+02 -1.0000e+02 1.0493e-93
-1.1000e+02 -9.0000e+01 1.8729e-85
-1.1000e+02 -8.0000e+01 4.5240e-78
-1.1000e+02 -7.0000e+01 1.4789e-71
-1.1000e+02 -6.0000e+01 6.5428e-66
-1.1000e+02 -5.0000e+01 3.9175e-61
-1.1000e+02 -4.0000e+01 3.1744e-57
-1.1000e+02 -3.0000e+01 3.4811e-54
-1.1000e+02 -2.0000e+01 5.1664e-52
-1.1000e+02 -1.0000e+01 1.0377e-50
-1.1000e+02 0.0000e+00 2.8208e-50
-1.1000e+02 1.0000e+01 1.0377e-50
-1.1000e+02 2.0000e+01 5.1664e-52
-1.1000e+02 3.0000e+01 3.4811e-54
-1.1000e+02 4.0000e+01 3.1744e-57
-1.1000e+02 5.0000e+01 3.9175e-61
-1.1000e+02 6.0000e+01 6.5428e-66
-1.1000e+02 7.0000e+01 1.4789e-71
-1.1000e+02 8.0000e+01 4.5240e-78
-1.1000e+02 9.0000e+01 1.8729e-85
-1.1000e+02 1.0000e+02 1.0493e-93
-1.1000e+02 1.1000e+02 7.9567e-103
-1.1000e+02 1.2000e+02 8.1651e-113
-1.1000e+02 1.3000e+02 1.1340e-123
-1.1000e+02 1.4000e+02 2.1313e-135
-1.1000e+02 1.5000e+02 5.4214e-148
-1.1000e+02 1.6000e+02 1.8663e-161
-1.1000e+02 1.7000e+02 8.6949e-176
-1.1000e+02 1.8000e+02 5.4822e-191
-1.1000e+02 1.9000e+02 4.6780e-207
-1.1000e+02 2.0000e+02 5.4023e-224
-1.0000e+02 -2.0000e+02 7.1246e-215
-1.0000e+02 -1.9000e+02 6.1694e-198
-1.0000e+02 -1.8000e+02 7.2300e-182
-1.0000e+02 -1.7000e+02 1.1467e-166
-1.0000e+02 -1.6000e+02 2.4613e-152
-1.0000e+02 -1.5000e+02 7.1498e-139
-1.0000e+02 -1.4000e+02 2.8108e-126
-1.0000e+02 -1.3000e+02 1.4955e-114
-1.0000e+02 -1.2000e+02 1.0768e-103
-1.0000e+02 -1.1000e+02 1.0493e-93
-1.0000e+02 -1.0000e+02 1.3839e-84
-1.0000e+02 -9.0000e+01 2.4700e-76
-1.0000e+02 -8.0000e+01 5.9663e-69
-1.0000e+02 -7.0000e+01 1.9504e-62
-1.0000e+02 -6.0000e+01 8.6288e-57
-1.0000e+02 -5.0000e+01 5.1664e-52
-1.0000e+02 -4.0000e+01 4.1864e-48
-1.0000e+02 -3.0000e+01 4.5909e-45
-1.0000e+02 -2.0000e+01 6.8136e-43
-1.0000e+02 -1.0000e+01 1.3685e-41
-1.0000e+02 0.0000e+00 3.7201e-41
-1.0000e+02 1.0000e+01 1.3685e-41
-1.0000e+02 2.0000e+01 6.8136e-43
-1.0000e+02 3.0000e+01 4.5909e-45
-1.0000e+02 4.0000e+01 4.1864e-48
-1.0000e+02 5.0000e+01 5.1664e-52
-1.0000e+02 6.0000e+01 8.6288e-57
-1.0000e+02 7.0000e+01 1.9504e-62
-1.0000e+02 8.0000e+01 5.9663e-69
-1.0000e+02 9.0000e+01 2.4700e-76
-1.0000e+02 1.0000e+02 1.3839e-84
-1.0000e+02 1.1000e+02 1.0493e-93
-1.0000e+02 1.2000e+02 1.0768e-103
-1.0000e+02 1.3000e+02 1.4955e-114
-1.0000e+02 1.4000e+02 2.8108e-126
-1.0000e+02 1.5000e+02 7.1498e-139
-1.0000e+02 1.6000e+02 2.4613e-152
-1.0000e+02 1.7000e+02 1.1467e-166
-1.0000e+02 1.8000e+02 7.2300e-182
-1.0000e+02 1.9000e+02 6.1694e-198
-1.0000e+02 2.0000e+02 7.1246e-215
-9.0000e+01 -2.0000e+02 1.2716e-206
-9.0000e+01 -1.9000e+02 1.1011e-189
-9.0000e+01 -1.8000e+02 1.2904e-173
-9.0000e+01 -1.7000e+02 2.0466e-158
-9.0000e+01 -1.6000e+02 4.3930e-144
-9.0000e+01 -1.5000e+02 1.2761e-130
-9.0000e+01 -1.4000e+02 5.0168e-118
-9.0000e+01 -1.3000e+02 2.6692e-106
-9.0000e+01 -1.2000e+02 1.9219e-95
-9.0000e+01 -1.1000e+02 1.8729e-85
-9.0000e+01 -1.0000e+02 2.4700e-76
-9.0000e+01 -9.0000e+01 4.4085e-68
-9.0000e+01 -8.0000e+01 1.0649e-60
-9.0000e+01 -7.0000e+01 3.4811e-54
-9.0000e+01 -6.0000e+01 1.5401e-48
-9.0000e+01 -5.0000e+01 9.2211e-44
-9.0000e+01 -4.0000e+01 7.4720e-40
-9.0000e+01 -3.0000e+01 8.1940e-37
-9.0000e+01 -2.0000e+01 1.2161e-34
-9.0000e+01 -1.0000e+01 2.4426e-33
-9.0000e+01 0.0000e+00 6.6397e-33
-9.0000e+01 1.0000e+01 2.4426e-33
-9.0000e+01 2.0000e+01 1.2161e-34
-9.0000e+01 3.0000e+01 8.1940e-37
-9.0000e+01 4.0000e+01 7.4720e-40
-9.0000e+01 5.0000e+01 9.2211e-44
-9.0000e+01 6.0000e+01 1.5401e-48
-9.0000e+01 7.0000e+01 3.4811e-54
-9.0000e+01 8.0000e+01 1.0649e-60
-9.0000e+01 9.0000e+01 4.4085e-68
-9.0000e+01 1.0000e+02 2.4700e-76
-9.0000e+01 1.1000e+02 1.8729e-85
-9.0000e+01 1.2000e+02 1.9219e-95
-9.0000e+01 1.3000e+02 2.6692e-106
-9.0000e+01 1.4000e+02 5.0168e-118
-9.0000e+01 1.5000e+02 1.2761e-130
-9.0000e+01 1.6000e+02 4.3930e-144
-9.0000e+01 1.7000e+02 2.0466e-158
-9.0000e+01 1.8000e+02 1.2904e-173
-9.0000e+01 1.9000e+02 1.1011e-189
-9.0000e+01 2.0000e+02 1.2716e-206
-8.0000e+01 -2.0000e+02 3.0716e-199
-8.0000e+01 -1.9000e+02 2.6598e-182
-8.0000e+01 -1.8000e+02 3.1170e-166
-8.0000e+01 -1.7000e+02 4.9437e-151
-8.0000e+01 -1.6000e+02 1.0611e-136
-8.0000e+01 -1.5000e+02 3.0824e-123
-8.0000e+01 -1.4000e+02 1.2118e-110
-8.0000e+01 -1.3000e+02 6.4474e-99
-8.0000e+01 -1.2000e+02 4.6425e-88
-8.0000e+01 -1.1000e+02 4.5240e-78
-8.0000e+01 -1.0000e+02 5.9663e-69
-8.0000e+01 -9.0000e+01 1.0649e-60
-8.0000e+01 -8.0000e+01 2.5722e-53
-8.0000e+01 -7.0000e+01 8.4086e-47
-8.0000e+01 -6.0000e+01 3.7201e-41
-8.0000e+01 -5.0000e+01 2.2274e-36
-8.0000e+01 -4.0000e+01 1.8049e-32
-8.0000e+01 -3.0000e+01 1.9793e-29
-8.0000e+01 -2.0000e+01 2.9375e-27
-8.0000e+01 -1.0000e+01 5.9001e-26
-8.0000e+01 0.0000e+00 1.6038e-25
-8.0000e+01 1.0000e+01 5.9001e-26
-8.0000e+01 2.0000e+01 2.9375e-27
-8.0000e+01 3.0000e+01 1.9793e-29
-8.0000e+01 4.0000e+01 1.8049e-32
-8.0000e+01 5.0000e+01 2.2274e-36
-8.0000e+01 6.0000e+01 3.7201e-41
-8.0000e+01 7.0000e+01 8.4086e-47
-8.0000e+01 8.0000e+01 2.5722e-53
-8.0000e+01 9.0000e+01 1.0649e-60
-8.0000e+01 1.0000e+02 5.9663e-69
-8.0000e+01 1.1000e+02 4.5240e-78
-8.0000e+01 1.2000e+02 4.6425e-88
-8.0000e+01 1.3000e+02 6.4474e-99
-8.0000e+01 1.4000e+02 1.2118e-110
-8.0000e+01 1.5000e+02 3.0824e-123
-8.0000e+01 1.6000e+02 1.0611e-136
-8.0000e+01 1.7000e+02 4.9437e-151
-8.0000e+01 1.8000e+02 3.1170e-166
-8.0000e+01 1.9000e+02 2.6598e-182
-8.0000e+01 2.0000e+02 3.0716e-199
-7.0000e+01 -2.0000e+02 1.0041e-192
-7.0000e+01 -1.9000e+02 8.6949e-176
-7.0000e+01 -1.8000e+02 1.0190e-159
-7.0000e+01 -1.7000e+02 1.6161e-144
-7.0000e+01 -1.6000e+02 3.4688e-130
-7.0000e+01 -1.5000e+02 1.0077e-116
-7.0000e+01 -1.4000e+02 3.9614e-104
-7.0000e+01 -1.3000e+02 2.1077e-92
-7.0000e+01 -1.2000e+02 1.5176e-81
-7.0000e+01 -1.1000e+02 1.4789e-71
-7.0000e+01 -1.0000e+02 1.9504e-62
-7.0000e+01 -9.0000e+01 3.4811e-54
-7.0000e+01 -8.0000e+01 8.4086e-47
-7.0000e+01 -7.0000e+01 2.7488e-40
-7.0000e+01 -6.0000e+01 1.2161e-34
-7.0000e+01 -5.0000e+01 7.2813e-30
-7.0000e+01 -4.0000e+01 5.9001e-26
-7.0000e+01 -3.0000e+01 6.4702e-23
-7.0000e+01 -2.0000e+01 9.6027e-21
-7.0000e+01 -1.0000e+01 1.9287e-19
-7.0000e+01 0.0000e+00 5.2429e-19
-7.0000e+01 1.0000e+01 1.9287e-19
-7.0000e+01 2.0000e+01 9.6027e-21
-7.0000e+01 3.0000e+01 6.4702e-23
-7.0000e+01 4.0000e+01 5.9001e-26
-7.0000e+01 5.0000e+01 7.2813e-30
-7.0000e+01 6.0000e+01 1.2161e-34
-7.0000e+01 7.0000e+01 2.7488e-40
-7.0000e+01 8.0000e+01 8.4086e-47
-7.0000e+01 9.0000e+01 3.4811e-54
-7.0000e+01 1.0000e+02 1.9504e-62
-7.0000e+01 1.1000e+02 1.4789e-71
-7.0000e+01 1.2000e+02 1.5176e-81
-7.0000e+01 1.3000e+02 2.1077e-92
-7.0000e+01 1.4000e+02 3.9614e-104
-7.0000e+01 1.5000e+02 1.0077e-116
-7.0000e+01 1.6000e+02 3.4688e-130
-7.0000e+01 1.7000e+02 1.6161e-144
-7.0000e+01 1.8000e+02 1.0190e-159
-7.0000e+01 1.9000e+02 8.6949e-176
-7.0000e+01 2.0000e+02 1.0041e-192
-6.0000e+01 -2.0000e+02 4.4423e-187
-6.0000e+01 -1.9000e+02 3.8467e-170
-6.0000e+01 -1.8000e+02 4.5080e-154
-6.0000e+01 -1.7000e+02 7.1498e-139
-6.0000e+01 -1.6000e+02 1.5347e-124
-6.0000e+01 -1.5000e+02 4.4580e-111
-6.0000e+01 -1.4000e+02 1.7526e-98
-6.0000e+01 -1.3000e+02 9.3246e-87
-6.0000e+01 -1.2000e+02 6.7142e-76
-6.0000e+01 -1.1000e+02 6.5428e-66
-6.0000e+01 -1.0000e+02 8.6288e-57
-6.0000e+01 -9.0000e+01 1.5401e-48
-6.0000e+01 -8.0000e+01 3.7201e-41
-6.0000e+01 -7.0000e+01 1.2161e-34
-6.0000e+01 -6.0000e+01 5.3802e-29
-6.0000e+01 -5.0000e+01 3.2213e-24
-6.0000e+01 -4.0000e+01 2.6103e-20
-6.0000e+01 -3.0000e+01 2.8625e-17
-6.0000e+01 -2.0000e+01 4.2484e-15
-6.0000e+01 -1.0000e+01 8.5330e-14
-6.0000e+01 0.0000e+00 2.3195e-13
-6.0000e+01 1.0000e+01 8.5330e-14
-6.0000e+01 2.0000e+01 4.2484e-15
-6.0000e+01 3.0000e+01 2.8625e-17
-6.0000e+01 4.0000e+01 2.6103e-20
-6.0000e+01 5.0000e+01 3.2213e-24
-6.0000e+01 6.0000e+01 5.3802e-29
-6.0000e+01 7.0000e+01 1.2161e-34
-6.0000e+01 8.0000e+01 3.7201e-41
-6.0000e+01 9.0000e+01 1.5401e-48
-6.0000e+01 1.0000e+02 8.6288e-57
-6.0000e+01 1.1000e+02 6.5428e-66
-6.0000e+01 1.2000e+02 6.7142e-76
-6.0000e+01 1.3000e+02 9.3246e-87
-6.0000e+01 1.4000e+02 1.7526e-98
-6.0000e+01 1.5000e+02 4.4580e-111
-6.0000e+01 1.6000e+02 1.5347e-124
-6.0000e+01 1.7000e+02 7.1498e-139
-6.0000e+01 1.8000e+02 4.5080e-154
-6.0000e+01 1.9000e+02 3.8467e-170
-6.0000e+01 2.0000e+02 4.4423e-187
-5.0000e+01 -2.0000e+02 2.6598e-182
-5.0000e+01 -1.9000e+02 2.3032e-165
-5.0000e+01 -1.8000e+02 2.6991e-149
-5.0000e+01 -1.7000e+02 4.2809e-134
-5.0000e+01 -1.6000e+02 9.1886e-120
-5.0000e+01 -1.5000e+02 2.6692e-106
-5.0000e+01 -1.4000e+02 1.0493e-93
-5.0000e+01 -1.3000e+02 5.5830e-82
-5.0000e+01 -1.2000e+02 4.0201e-71
-5.0000e+01 -1.1000e+02 3.9175e-61
-5.0000e+01 -1.0000e+02 5.1664e-52
-5.0000e+01 -9.0000e+01 9.2211e-44
-5.0000e+01 -8.0000e+01 2.2274e-36
-5.0000e+01 -7.0000e+01 7.2813e-30
-5.0000e+01 -6.0000e+01 3.2213e-24
-5.0000e+01 -5.0000e+01 1.9287e-19
-5.0000e+01 -4.0000e+01 1.5629e-15
-5.0000e+01 -3.0000e+01 1.7139e-12
-5.0000e+01 -2.0000e+01 2.5437e-10
-5.0000e+01 -1.0000e+01 5.1091e-09
-5.0000e+01 0.0000e+00 1.3888e-08
-5.0000e+01 1.0000e+01 5.1091e-09
-5.0000e+01 2.0000e+01 2.5437e-10
-5.0000e+01 3.0000e+01 1.7139e-12
-5.0000e+01 4.0000e+01 1.5629e-15
-5.0000e+01 5.0000e+01 1.9287e-19
-5.0000e+01 6.0000e+01 3.2213e-24
-5.0000e+01 7.0000e+01 7.2813e-30
-5.0000e+01 8.0000e+01 2.2274e-36
-5.0000e+01 9.0000e+01 9.2211e-44
-5.0000e+01 1.0000e+02 5.1664e-52
-5.0000e+01 1.1000e+02 3.9175e-61
-5.0000e+01 1.2000e+02 4.0201e-71
-5.0000e+01 1.3000e+02 5.5830e-82
-5.0000e+01 1.4000e+02 1.0493e-93
-5.0000e+01 1.5000e+02 2.6692e-106
-5.0000e+01 1.6000e+02 9.1886e-120
-5.0000e+01 1.7000e+02 4.2809e-134
-5.0000e+01 1.8000e+02 2.6991e-149
-5.0000e+01 1.9000e+02 2.3032e-165
-5.0000e+01 2.0000e+02 2.6598e-182
-4.0000e+01 -2.0000e+02 2.1552e-178
-4.0000e+01 -1.9000e+02 1.8663e-161
-4.0000e+01 -1.8000e+02 2.1871e-145
-4.0000e+01 -1.7000e+02 3.4688e-130
-4.0000e+01 -1.6000e+02 7.4456e-116
-4.0000e+01 -1.5000e+02 2.1629e-102
-4.0000e+01 -1.4000e+02 8.5030e-90
-4.0000e+01 -1.3000e+02 4.5240e-78
-4.0000e+01 -1.2000e+02 3.2575e-67
-4.0000e+01 -1.1000e+02 3.1744e-57
-4.0000e+01 -1.0000e+02 4.1864e-48
-4.0000e+01 -9.0000e+01 7.4720e-40
-4.0000e+01 -8.0000e+01 1.8049e-32
-4.0000e+01 -7.0000e+01 5.9001e-26
-4.0000e+01 -6.0000e+01 2.6103e-20
-4.0000e+01 -5.0000e+01 1.5629e-15
-4.0000e+01 -4.0000e+01 1.2664e-11
-4.0000e+01 -3.0000e+01 1.3888e-08
-4.0000e+01 -2.0000e+01 2.0612e-06
-4.0000e+01 -1.0000e+01 4.1399e-05
-4.0000e+01 0.0000e+00 1.1254e-04
-4.0000e+01 1.0000e+01 4.1399e-05
-4.0000e+01 2.0000e+01 2.0612e-06
-4.0000e+01 3.0000e+01 1.3888e-08
-4.0000e+01 4.0000e+01 1.2664e-11
-4.0000e+01 5.0000e+01 1.5629e-15
-4.0000e+01 6.0000e+01 2.6103e-20
-4.0000e+01 7.0000e+01 5.9001e-26
-4.0000e+01 8.0000e+01 1.8049e-32
-4.0000e+01 9.0000e+01 7.4720e-40
-4.0000e+01 1.0000e+02 4.1864e-48
-4.0000e+01 1.1000e+02 3.1744e-57
-4.0000e+01 1.2000e+02 3.2575e-67
-4.0000e+01 1.3000e+02 4.5240e-78
-4.0000e+01 1.4000e+02 8.5030e-90
-4.0000e+01 1.5000e+02 2.1629e-102
-4.0000e+01 1.6000e+02 7.4456e-116
-4.0000e+01 1.7000e+02 3.4688e-130
-4.0000e+01 1.8000e+02 2.1871e-145
-4.0000e+01 1.9000e+02 1.8663e-161
-4.0000e+01 2.0000e+02 2.1552e-178
-3.0000e+01 -2.0000e+02 2.3635e-175
-3.0000e+01 -1.9000e+02 2.0466e-158
-3.0000e+01 -1.8000e+02 2.3985e-142
-3.0000e+01 -1.7000e+02 3.8040e-127
-3.0000e+01 -1.6000e+02 8.1651e-113
-3.0000e+01 -1.5000e+02 2.3719e-99
-3.0000e+01 -1.4000e+02 9.3246e-87
-3.0000e+01 -1.3000e+02 4.9611e-75
-3.0000e+01 -1.2000e+02 3.5723e-64
-3.0000e+01 -1.1000e+02 3.4811e-54
-3.0000e+01 -1.0000e+02 4.5909e-45
-3.0000e+01 -9.0000e+01 8.1940e-37
-3.0000e+01 -8.0000e+01 1.9793e-29
-3.0000e+01 -7.0000e+01 6.4702e-23
-3.0000e+01 -6.0000e+01 2.8625e-17
-3.0000e+01 -5.0000e+01 1.7139e-12
-3.0000e+01 -4.0000e+01 1.3888e-08
-3.0000e+01 -3.0000e+01 1.5230e-05
-3.0000e+01 -2.0000e+01 2.2603e-03
-3.0000e+01 -1.0000e+01 4.5400e-02
-3.0000e+01 0.0000e+00 1.2341e-01
-3.0000e+01 1.0000e+01 4.5400e-02
-3.0000e+01 2.0000e+01 2.2603e-03
-3.0000e+01 3.0000e+01 1.5230e-05
-3.0000e+01 4.0000e+01 1.3888e-08
-3.0000e+01 5.0000e+01 1.7139e-12
-3.0000e+01 6.0000e+01 2.8625e-17
-3.0000e+01 7.0000e+01 6.4702e-23
-3.0000e+01 8.0000e+01 1.9793e-29
-3.0000e+01 9.0000e+01 8.1940e-37
-3.0000e+01 1.0000e+02 4.5909e-45
-3.0000e+01 1.1000e+02 3.4811e-54
-3.0000e+01 1.2000e+02 3.5723e-64
-3.0000e+01 1.3000e+02 4.9611e-75
-3.0000e+01 1.4000e+02 9.3246e-87
-3.0000e+01 1.5000e+02 2.3719e-99
-3.0000e+01 1.6000e+02 8.1651e-113
-3.0000e+01 1.7000e+02 3.8040e-127
-3.0000e+01 1.8000e+02 2.3985e-142
-3.0000e+01 1.9000e+02 2.0466e-158
-3.0000e+01 2.0000e+02 2.3635e-175
-2.0000e+01 -2.0000e+02 3.5078e-173
-2.0000e+01 -1.9000e+02 3.0375e-156
-2.0000e+01 -1.8000e+02 3.5597e-140
-2.0000e+01 -1.7000e+02 5.6457e-125
-2.0000e+01 -1.6000e+02 1.2118e-110
-2.0000e+01 -1.5000e+02 3.5202e-97
-2.0000e+01 -1.4000e+02 1.3839e-84
-2.0000e+01 -1.3000e+02 7.3630e-73
-2.0000e+01 -1.2000e+02 5.3017e-62
-2.0000e+01 -1.1000e+02 5.1664e-52
-2.0000e+01 -1.0000e+02 6.8136e-43
-2.0000e+01 -9.0000e+01 1.2161e-34
-2.0000e+01 -8.0000e+01 2.9375e-27
-2.0000e+01 -7.0000e+01 9.6027e-21
-2.0000e+01 -6.0000e+01 4.2484e-15
-2.0000e+01 -5.0000e+01 2.5437e-10
-2.0000e+01 -4.0000e+01 2.0612e-06
-2.0000e+01 -3.0000e+01 2.2603e-03
-2.0000e+01 -2.0000e+01 3.3546e-01
-2.0000e+01 -1.0000e+01 6.7379e+00
-2.0000e+01 0.0000e+00 1.8316e+01
-2.0000e+01 1.0000e+01 6.7379e+00
-2.0000e+01 2.0000e+01 3.3546e-01
-2.0000e+01 3.0000e+01 2.2603e-03
-2.0000e+01 4.0000e+01 2.0612e-06
-2.0000e+01 5.0000e+01 2.5437e-10
-2.0000e+01 6.0000e+01 4.2484e-15
-2.0000e+01 7.0000e+01 9.6027e-21
-2.0000e+01 8.0000e+01 2.9375e-27
-2.0000e+01 9.0000e+01 1.2161e-34
-2.0000e+01 1.0000e+02 6.8136e-43
-2.0000e+01 1.1000e+02 5.1664e-52
-2.0000e+01 1.2000e+02 5.3017e-62
-2.0000e+01 1.3000e+02 7.3630e-73
-2.0000e+01 1.4000e+02 1.3839e-84
-2.0000e+01 1.5000e+02 3.5202e-97
-2.0000e+01 1.6000e+02 1.2118e-110
-2.0000e+01 1.7000e+02 5.6457e-125
-2.0000e+01 1.8000e+02 3.5597e-140
-2.0000e+01 1.9000e+02 3.0375e-156
-2.0000e+01 2.0000e+02 3.5078e-173
-1.0000e+01 -2.0000e+02 7.0455e-172
-1.0000e+01 -1.9000e+02 6.1010e-155
-1.0000e+01 -1.8000e+02 7.1498e-139
-1.0000e+01 -1.7000e+02 1.1340e-123
-1.0000e+01 -1.6000e+02 2.4340e-109
-1.0000e+01 -1.5000e+02 7.0705e-96
-1.0000e+01 -1.4000e+02 2.7796e-83
-1.0000e+01 -1.3000e+02 1.4789e-71
-1.0000e+01 -1.2000e+02 1.0649e-60
-1.0000e+01 -1.1000e+02 1.0377e-50
-1.0000e+01 -1.0000e+02 1.3685e-41
-1.0000e+01 -9.0000e+01 2.4426e-33
-1.0000e+01 -8.0000e+01 5.9001e-26
-1.0000e+01 -7.0000e+01 1.9287e-19
-1.0000e+01 -6.0000e+01 8.5330e-14
-1.0000e+01 -5.0000e+01 5.1091e-09
-1.0000e+01 -4.0000e+01 4.1399e-05
-1.0000e+01 -3.0000e+01 4.5400e-02
-1.0000e+01 -2.0000e+01 6.7379e+00
-1.0000e+01 -1.0000e+01 1.3534e+02
-1.0000e+01 0.0000e+00 3.6788e+02
-1.0000e+01 1.0000e+01 1.3534e+02
-1.0000e+01 2.0000e+01 6.7379e+00
-1.0000e+01 3.0000e+01 4.5400e-02
-1.0000e+01 4.0000e+01 4.1399e-05
-1.0000e+01 5.0000e+01 5.1091e-09
-1.0000e+01 6.0000e+01 8.5330e-14
-1.0000e+01 7.0000e+01 1.9287e-19
-1.0000e+01 8.0000e+01 5.9001e-26
-1.0000e+01 9.0000e+01 2.4426e-33
-1.0000e+01 1.0000e+02 1.3685e-41
-1.0000e+01 1.1000e+02 1.0377e-50
-1.0000e+01 1.2000e+02 1.0649e-60
-1.0000e+01 1.3000e+02 1.4789e-71
-1.0000e+01 1.4000e+02 2.7796e-83
-1.0000e+01 1.5000e+02 7.0705e-96
-1.0000e+01 1.6000e+02 2.4340e-109
-1.0000e+01 1.7000e+02 1.1340e-123
-1.0000e+01 1.8000e+02 7.1498e-139
-1.0000e+01 1.9000e+02 6.1010e-155
-1.0000e+01 2.0000e+02 7.0455e-172
0.0000e+00 -2.0000e+02 1.9152e-171
0.0000e+00 -1.9000e+02 1.6584e-154
0.0000e+00 -1.8000e+02 1.9435e-138
0.0000e+00 -1.7000e+02 3.0824e-123
0.0000e+00 -1.6000e+02 6.6163e-109
0.0000e+00 -1.5000e+02 1.9219e-95
0.0000e+00 -1.4000e+02 7.5558e-83
0.0000e+00 -1.3000e+02 4.0201e-71
0.0000e+00 -1.2000e+02 2.8946e-60
0.0000e+00 -1.1000e+02 2.8208e-50
0.0000e+00 -1.0000e+02 3.7201e-41
0.0000e+00 -9.0000e+01 6.6397e-33
0.0000e+00 -8.0000e+01 1.6038e-25
0.0000e+00 -7.0000e+01 5.2429e-19
0.0000e+00 -6.0000e+01 2.3195e-13
0.0000e+00 -5.0000e+01 1.3888e-08
0.0000e+00 -4.0000e+01 1.1254e-04
0.0000e+00 -3.0000e+01 1.2341e-01
0.0000e+00 -2.0000e+01 1.8316e+01
0.0000e+00 -1.0000e+01 3.6788e+02
0.0000e+00 0.0000e+00 1.0000e+03
0.0000e+00 1.0000e+01 3.6788e+02
0.0000e+00 2.0000e+01 1.8316e+01
0.0000e+00 3.0000e+01 1.2341e-01
0.0000e+00 4.0000e+01 1.1254e-04
0.0000e+00 5.0000e+01 1.3888e-08
0.0000e+00 6.0000e+01 2.3195e-13
0.0000e+00 7.0000e+01 5.2429e-19
0.0000e+00 8.0000e+01 1.6038e-25
0.0000e+00 9.0000e+01 6.6397e-33
0.0000e+00 1.0000e+02 3.7201e-41
0.0000e+00 1.1000e+02 2.8208e-50
0.0000e+00 1.2000e+02 2.8946e-60
0.0000e+00 1.3000e+02 4.0201e-71
0.0000e+00 1.4000e+02 7.5558e-83
0.0000e+00 1.5000e+02 1.9219e-95
0.0000e+00 1.6000e+02 6.6163e-109
0.0000e+00 1.7000e+02 3.0824e-123
0.0000e+00 1.8000e+02 1.9435e-138
0.0000e+00 1.9000e+02 1.6584e-154
0.0000e+00 2.0000e+02 1.9152e-171
1.0000e+01 -2.0000e+02 7.0455e-172
1.0000e+01 -1.9000e+02 6.1010e-155
1.0000e+01 -1.8000e+02 7.1498e-139
1.0000e+01 -1.7000e+02 1.1340e-123
1.0000e+01 -1.6000e+02 2.4340e-109
1.0000e+01 -1.5000e+02 7.0705e-96
1.0000e+01 -1.4000e+02 2.7796e-83
1.0000e+01 -1.3000e+02 1.4789e-71
1.0000e+01 -1.2000e+02 1.0649e-60
1.0000e+01 -1.1000e+02 1.0377e-50
1.0000e+01 -1.0000e+02 1.3685e-41
1.0000e+01 -9.0000e+01 2.4426e-33
1.0000e+01 -8.0000e+01 5.9001e-26
1.0000e+01 -7.0000e+01 1.9287e-19
1.0000e+01 -6.0000e+01 8.5330e-14
1.0000e+01 -5.0000e+01 5.1091e-09
1.0000e+01 -4.0000e+01 4.1399e-05
1.0000e+01 -3.0000e+01 4.5400e-02
1.0000e+01 -2.0000e+01 6.7379e+00
1.0000e+01 -1.0000e+01 1.3534e+02
1.0000e+01 0.0000e+00 3.6788e+02
1.0000e+01 1.0000e+01 1.3534e+02
1.0000e+01 2.0000e+01 6.7379e+00
1.0000e+01 3.0000e+01 4.5400e-02
1.0000e+01 4.0000e+01 4.1399e-05
1.0000e+01 5.0000e+01 5.1091e-09
1.0000e+01 6.0000e+01 8.5330e-14
1.0000e+01 7.0000e+01 1.9287e-19
1.0000e+01 8.0000e+01 5.9001e-26
1.0000e+01 9.0000e+01 2.4426e-33
1.0000e+01 1.0000e+02 1.3685e-41
1.0000e+01 1.1000e+02 1.0377e-50
1.0000e+01 1.2000e+02 1.0649e-60
1.0000e+01 1.3000e+02 1.4789e-71
1.0000e+01 1.4000e+02 2.7796e-83
1.0000e+01 1.5000e+02 7.0705e-96
1.0000e+01 1.6000e+02 2.4340e-109
1.0000e+01 1.7000e+02 1.1340e-123
1.0000e+01 1.8000e+02 7.1498e-139
1.0000e+01 1.9000e+02 6.1010e-155
1.0000e+01 2.0000e+02 7.0455e-172
2.0000e+01 -2.0000e+02 3.5078e-173
2.0000e+01 -1.9000e+02 3.0375e-156
2.0000e+01 -1.8000e+02 3.5597e-140
2.0000e+01 -1.7000e+02 5.6457e-125
2.0000e+01 -1.6000e+02 1.2118e-110
2.0000e+01 -1.5000e+02 3.5202e-97
2.0000e+01 -1.4000e+02 1.3839e-84
2.0000e+01 -1.3000e+02 7.3630e-73
2.0000e+01 -1.2000e+02 5.3017e-62
2.0000e+01 -1.1000e+02 5.1664e-52
2.0000e+01 -1.0000e+02 6.8136e-43
2.0000e+01 -9.0000e+01 1.2161e-34
2.0000e+01 -8.0000e+01 2.9375e-27
2.0000e+01 -7.0000e+01 9.6027e-21
2.0000e+01 -6.0000e+01 4.2484e-15
2.0000e+01 -5.0000e+01 2.5437e-10
2.0000e+01 -4.0000e+01 2.0612e-06
2.0000e+01 -3.0000e+01 2.2603e-03
2.0000e+01 -2.0000e+01 3.3546e-01
2.0000e+01 -1.0000e+01 6.7379e+00
2.0000e+01 0.0000e+00 1.8316e+01
2.0000e+01 1.0000e+01 6.7379e+00
2.0000e+01 2.0000e+01 3.3546e-01
2.0000e+01 3.0000e+01 2.2603e-03
2.0000e+01 4.0000e+01 2.0612e-06
2.0000e+01 5.0000e+01 2.5437e-10
2.0000e+01 6.0000e+01 4.2484e-15
2.0000e+01 7.0000e+01 9.6027e-21
2.0000e+01 8.0000e+01 2.9375e-27
2.0000e+01 9.0000e+01 1.2161e-34
2.0000e+01 1.0000e+02 6.8136e-43
2.0000e+01 1.1000e+02 5.1664e-52
2.0000e+01 1.2000e+02 5.3017e-62
2.0000e+01 1.3000e+02 7.3630e-73
2.0000e+01 1.4000e+02 1.3839e-84
2.0000e+01 1.5000e+02 3.5202e-97
2.0000e+01 1.6000e+02 1.2118e-110
2.0000e+01 1.7000e+02 5.6457e-125
2.0000e+01 1.8000e+02 3.5597e-140
2.0000e+01 1.9000e+02 3.0375e-156
2.0000e+01 2.0000e+02 3.5078e-173
3.0000e+01 -2.0000e+02 2.3635e-175
3.0000e+01 -1.9000e+02 2.0466e-158
3.0000e+01 -1.8000e+02 2.3985e-142
3.0000e+01 -1.7000e+02 3.8040e-127
3.0000e+01 -1.6000e+02 8.1651e-113
3.0000e+01 -1.5000e+02 2.3719e-99
3.0000e+01 -1.4000e+02 9.3246e-87
3.0000e+01 -1.3000e+02 4.9611e-75
3.0000e+01 -1.2000e+02 3.5723e-64
3.0000e+01 -1.1000e+02 3.4811e-54
3.0000e+01 -1.0000e+02 4.5909e-45
3.0000e+01 -9.0000e+01 8.1940e-37
3.0000e+01 -8.0000e+01 1.9793e-29
3.0000e+01 -7.0000e+01 6.4702e-23
3.0000e+01 -6.0000e+01 2.8625e-17
3.0000e+01 -5.0000e+01 1.7139e-12
3.0000e+01 -4.0000e+01 1.3888e-08
3.0000e+01 -3.0000e+01 1.5230e-05
3.0000e+01 -2.0000e+01 2.2603e-03
3.0000e+01 -1.0000e+01 4.5400e-02
3.0000e+01 0.0000e+00 1.2341e-01
3.0000e+01 1.0000e+01 4.5400e-02
3.0000e+01 2.0000e+01 2.2603e-03
3.0000e+01 3.0000e+01 1.5230e-05
3.0000e+01 4.0000e+01 1.3888e-08
3.0000e+01 5.0000e+01 1.7139e-12
3.0000e+01 6.0000e+01 2.8625e-17
3.0000e+01 7.0000e+01 6.4702e-23
3.0000e+01 8.0000e+01 1.9793e-29
3.0000e+01 9.0000e+01 8.1940e-37
3.0000e+01 1.0000e+02 4.5909e-45
3.0000e+01 1.1000e+02 3.4811e-54
3.0000e+01 1.2000e+02 3.5723e-64
3.0000e+01 1.3000e+02 4.9611e-75
3.0000e+01 1.4000e+02 9.3246e-87
3.0000e+01 1.5000e+02 2.3719e-99
3.0000e+01 1.6000e+02 8.1651e-113
3.0000e+01 1.7000e+02 3.8040e-127
3.0000e+01 1.8000e+02 2.3985e-142
3.0000e+01 1.9000e+02 2.0466e-158
3.0000e+01 2.0000e+02 2.3635e-175
4.0000e+01 -2.0000e+02 2.1552e-178
4.0000e+01 -1.9000e+02 1.8663e-161
4.0000e+01 -1.8000e+02 2.1871e-145
4.0000e+01 -1.7000e+02 3.4688e-130
4.0000e+01 -1.6000e+02 7.4456e-116
4.0000e+01 -1.5000e+02 2.1629e-102
4.0000e+01 -1.4000e+02 8.5030e-90
4.0000e+01 -1.3000e+02 4.5240e-78
4.0000e+01 -1.2000e+02 3.2575e-67
4.0000e+01 -1.1000e+02 3.1744e-57
4.0000e+01 -1.0000e+02 4.1864e-48
4.0000e+01 -9.0000e+01 7.4720e-40
4.0000e+01 -8.0000e+01 1.8049e-32
4.0000e+01 -7.0000e+01 5.9001e-26
4.0000e+01 -6.0000e+01 2.6103e-20
4.0000e+01 -5.0000e+01 1.5629e-15
4.0000e+01 -4.0000e+01 1.2664e-11
4.0000e+01 -3.0000e+01 1.3888e-08
4.0000e+01 -2.0000e+01 2.0612e-06
4.0000e+01 -1.0000e+01 4.1399e-05
4.0000e+01 0.0000e+00 1.1254e-04
4.0000e+01 1.0000e+01 4.1399e-05
4.0000e+01 2.0000e+01 2.0612e-06
4.0000e+01 3.0000e+01 1.3888e-08
4.0000e+01 4.0000e+01 1.2664e-11
4.0000e+01 5.0000e+01 1.5629e-15
4.0000e+01 6.0000e+01 2.6103e-20
4.0000e+01 7.0000e+01 5.9001e-26
4.0000e+01 8.0000e+01 1.8049e-32
4.0000e+01 9.0000e+01 7.4720e-40
4.0000e+01 1.0000e+02 4.1864e-48
4.0000e+01 1.1000e+02 3.1744e-57
4.0000e+01 1.2000e+02 3.2575e-67
4.0000e+01 1.3000e+02 4.5240e-78
4.0000e+01 1.4000e+02 8.5030e-90
4.0000e+01 1.5000e+02 2.1629e-102
4.0000e+01 1.6000e+02 7.4456e-116
4.0000e+01 1.7000e+02 3.4688e-130
4.0000e+01 1.8000e+02 2.1871e-145
4.0000e+01 1.9000e+02 1.8663e-161
4.0000e+01 2.0000e+02 2.1552e-178
5.0000e+01 -2.0000e+02 2.6598e-182
5.0000e+01 -1.9000e+02 2.3032e-165
5.0000e+01 -1.8000e+02 2.6991e-149
5.0000e+01 -1.7000e+02 4.2809e-134
5.0000e+01 -1.6000e+02 9.1886e-120
5.0000e+01 -1.5000e+02 2.6692e-106
5.0000e+01 -1.4000e+02 1.0493e-93
5.0000e+01 -1.3000e+02 5.5830e-82
5.0000e+01 -1.2000e+02 4.0201e-71
5.0000e+01 -1.1000e+02 3.9175e-61
5.0000e+01 -1.0000e+02 5.1664e-52
5.0000e+01 -9.0000e+01 9.2211e-44
5.0000e+01 -8.0000e+01 2.2274e-36
5.0000e+01 -7.0000e+01 7.2813e-30
5.0000e+01 -6.0000e+01 3.2213e-24
5.0000e+01 -5.0000e+01 1.9287e-19
5.0000e+01 -4.0000e+01 1.5629e-15
5.0000e+01 -3.0000e+01 1.7139e-12
5.0000e+01 -2.0000e+01 2.5437e-10
5.0000e+01 -1.0000e+01 5.1091e-09
5.0000e+01 0.0000e+00 1.3888e-08
5.0000e+01 1.0000e+01 5.1091e-09
5.0000e+01 2.0000e+01 2.5437e-10
5.0000e+01 3.0000e+01 1.7139e-12
5.0000e+01 4.0000e+01 1.5629e-15
5.0000e+01 5.0000e+01 1.9287e-19
5.0000e+01 6.0000e+01 3.2213e-24
5.0000e+01 7.0000e+01 7.2813e-30
5.0000e+01 8.0000e+01 2.2274e-36
5.0000e+01 9.0000e+01 9.2211e-44
5.0000e+01 1.0000e+02 5.1664e-52
5.0000e+01 1.1000e+02 3.9175e-61
5.0000e+01 1.2000e+02 4.0201e-71
5.0000e+01 1.3000e+02 5.5830e-82
5.0000e+01 1.4000e+02 1.0493e-93
5.0000e+01 1.5000e+02 2.6692e-106
5.0000e+01 1.6000e+02 9.1886e-120
5.0000e+01 1.7000e+02 4.2809e-134
5.0000e+01 1.8000e+02 2.6991e-149
5.0000e+01 1.9000e+02 2.3032e-165
5.0000e+01 2.0000e+02 2.6598e-182
6.0000e+01 -2.0000e+02 4.4423e-187
6.0000e+01 -1.9000e+02 3.8467e-170
6.0000e+01 -1.8000e+02 4.5080e-154
6.0000e+01 -1.7000e+02 7.1498e-139
6.0000e+01 -1.6000e+02 1.5347e-124
6.0000e+01 -1.5000e+02 4.4580e-111
6.0000e+01 -1.4000e+02 1.7526e-98
6.0000e+01 -1.3000e+02 9.3246e-87
6.0000e+01 -1.2000e+02 6.7142e-76
6.0000e+01 -1.1000e+02 6.5428e-66
6.0000e+01 -1.0000e+02 8.6288e-57
6.0000e+01 -9.0000e+01 1.5401e-48
6.0000e+01 -8.0000e+01 3.7201e-41
6.0000e+01 -7.0000e+01 1.2161e-34
6.0000e+01 -6.0000e+01 5.3802e-29
6.0000e+01 -5.0000e+01 3.2213e-24
6.0000e+01 -4.0000e+01 2.6103e-20
6.0000e+01 -3.0000e+01 2.8625e-17
6.0000e+01 -2.0000e+01 4.2484e-15
6.0000e+01 -1.0000e+01 8.5330e-14
6.0000e+01 0.0000e+00 2.3195e-13
6.0000e+01 1.0000e+01 8.5330e-14
6.0000e+01 2.0000e+01 4.2484e-15
6.0000e+01 3.0000e+01 2.8625e-17
6.0000e+01 4.0000e+01 2.6103e-20
6.0000e+01 5.0000e+01 3.2213e-24
6.0000e+01 6.0000e+01 5.3802e-29
6.0000e+01 7.0000e+01 1.2161e-34
6.0000e+01 8.0000e+01 3.7201e-41
6.0000e+01 9.0000e+01 1.5401e-48
6.0000e+01 1.0000e+02 8.6288e-57
6.0000e+01 1.1000e+02 6.5428e-66
6.0000e+01 1.2000e+02 6.7142e-76
6.0000e+01 1.3000e+02 9.3246e-87
6.0000e+01 1.4000e+02 1.7526e-98
6.0000e+01 1.5000e+02 4.4580e-111
6.0000e+01 1.6000e+02 1.5347e-124
6.0000e+01 1.7000e+02 7.1498e-139
6.0000e+01 1.8000e+02 4.5080e-154
6.0000e+01 1.9000e+02 3.8467e-170
6.0000e+01 2.0000e+02 4.4423e-187
7.0000e+01 -2.0000e+02 1.0041e-192
7.0000e+01 -1.9000e+02 8.6949e-176
7.0000e+01 -1.8000e+02 1.0190e-159
7.0000e+01 -1.7000e+02 1.6161e-144
7.0000e+01 -1.6000e+02 3.4688e-130
7.0000e+01 -1.5000e+02 1.0077e-116
7.0000e+01 -1.4000e+02 3.9614e-104
7.0000e+01 -1.3000e+02 2.1077e-92
7.0000e+01 -1.2000e+02 1.5176e-81
7.0000e+01 -1.1000e+02 1.4789e-71
7.0000e+01 -1.0000e+02 1.9504e-62
7.0000e+01 -9.0000e+01 3.4811e-54
7.0000e+01 -8.0000e+01 8.4086e-47
7.0000e+01 -7.0000e+01 2.7488e-40
7.0000e+01 -6.0000e+01 1.2161e-34
7.0000e+01 -5.0000e+01 7.2813e-30
7.0000e+01 -4.0000e+01 5.9001e-26
7.0000e+01 -3.0000e+01 6.4702e-23
7.0000e+01 -2.0000e+01 9.6027e-21
7.0000e+01 -1.0000e+01 1.9287e-19
7.0000e+01 0.0000e+00 5.2429e-19
7.0000e+01 1.0000e+01 1.9287e-19
7.0000e+01 2.0000e+01 9.6027e-21
7.0000e+01 3.0000e+01 6.4702e-23
7.0000e+01 4.0000e+01 5.9001e-26
7.0000e+01 5.0000e+01 7.2813e-30
7.0000e+01 6.0000e+01 1.2161e-34
7.0000e+01 7.0000e+01 2.7488e-40
7.0000e+01 8.0000e+01 8.4086e-47
7.0000e+01 9.0000e+01 3.4811e-54
7.0000e+01 1.0000e+02 1.9504e-62
7.0000e+01 1.1000e+02 1.4789e-71
7.0000e+01 1.2000e+02 1.5176e-81
7.0000e+01 1.3000e+02 2.1077e-92
7.0000e+01 1.4000e+02 3.9614e-104
7.0000e+01 1.5000e+02 1.0077e-116
7.0000e+01 1.6000e+02 3.4688e-130
7.0000e+01 1.7000e+02 1.6161e-144
7.0000e+01 1.8000e+02 1.0190e-159
7.0000e+01 1.9000e+02 8.6949e-176
7.0000e+01 2.0000e+02 1.0041e-192
8.0000e+01 -2.0000e+02 3.0716e-199
8.0000e+01 -1.9000e+02 2.6598e-182
8.0000e+01 -1.8000e+02 3.1170e-166
8.0000e+01 -1.7000e+02 4.9437e-151
8.0000e+01 -1.6000e+02 1.0611e-136
8.0000e+01 -1.5000e+02 3.0824e-123
8.0000e+01 -1.4000e+02 1.2118e-110
8.0000e+01 -1.3000e+02 6.4474e-99
8.0000e+01 -1.2000e+02 4.6425e-88
8.0000e+01 -1.1000e+02 4.5240e-78
8.0000e+01 -1.0000e+02 5.9663e-69
8.0000e+01 -9.0000e+01 1.0649e-60
8.0000e+01 -8.0000e+01 2.5722e-53
8.0000e+01 -7.0000e+01 8.4086e-47
8.0000e+01 -6.0000e+01 3.7201e-41
8.0000e+01 -5.0000e+01 2.2274e-36
8.0000e+01 -4.0000e+01 1.8049e-32
8.0000e+01 -3.0000e+01 1.9793e-29
8.0000e+01 -2.0000e+01 2.9375e-27
8.0000e+01 -1.0000e+01 5.9001e-26
8.0000e+01 0.0000e+00 1.6038e-25
8.0000e+01 1.0000e+01 5.9001e-26
8.0000e+01 2.0000e+01 2.9375e-27
8.0000e+01 3.0000e+01 1.9793e-29
8.0000e+01 4.0000e+01 1.8049e-32
8.0000e+01 5.0000e+01 2.2274e-36
8.0000e+01 6.0000e+01 3.7201e-41
8.0000e+01 7.0000e+01 8.4086e-47
8.0000e+01 8.0000e+01 2.5722e-53
8.0000e+01 9.0000e+01 1.0649e-60
8.0000e+01 1.0000e+02 5.9663e-69
8.0000e+01 1.1000e+02 4.5240e-78
8.0000e+01 1.2000e+02 4.6425e-88
8.0000e+01 1.3000e+02 6.4474e-99
8.0000e+01 1.4000e+02 1.2118e-110
8.0000e+01 1.5000e+02 3.0824e-123
8.0000e+01 1.6000e+02 1.0611e-136
8.0000e+01 1.7000e+02 4.9437e-151
8.0000e+01 1.8000e+02 3.1170e-166
8.0000e+01 1.9000e+02 2.6598e-182
8.0000e+01 2.0000e+02 3.0716e-199
9.0000e+01 -2.0000e+02 1.2716e-206
9.0000e+01 -1.9000e+02 1.1011e-189
9.0000e+01 -1.8000e+02 1.2904e-173
9.0000e+01 -1.7000e+02 2.0466e-158
9.0000e+01 -1.6000e+02 4.3930e-144
9.0000e+01 -1.5000e+02 1.2761e-130
9.0000e+01 -1.4000e+02 5.0168e-118
9.0000e+01 -1.3000e+02 2.6692e-106
9.0000e+01 -1.2000e+02 1.9219e-95
9.0000e+01 -1.1000e+02 1.8729e-85
9.0000e+01 -1.0000e+02 2.4700e-76
9.0000e+01 -9.0000e+01 4.4085e-68
9.0000e+01 -8.0000e+01 1.0649e-60
9.0000e+01 -7.0000e+01 3.4811e-54
9.0000e+01 -6.0000e+01 1.5401e-48
9.0000e+01 -5.0000e+01 9.2211e-44
9.0000e+01 -4.0000e+01 7.4720e-40
9.0000e+01 -3.0000e+01 8.1940e-37
9.0000e+01 -2.0000e+01 1.2161e-34
9.0000e+01 -1.0000e+01 2.4426e-33
9.0000e+01 0.0000e+00 6.6397e-33
9.0000e+01 1.0000e+01 2.4426e-33
9.0000e+01 2.0000e+01 1.2161e-34
9.0000e+01 3.0000e+01 8.1940e-37
9.0000e+01 4.0000e+01 7.4720e-40
9.0000e+01 5.0000e+01 9.2211e-44
9.0000e+01 6.0000e+01 1.5401e-48
9.0000e+01 7.0000e+01 3.4811e-54
9.0000e+01 8.0000e+01 1.0649e-60
9.0000e+01 9.0000e+01 4.4085e-68
9.0000e+01 1.0000e+02 2.4700e-76
9.0000e+01 1.1000e+02 1.8729e-85
9.0000e+01 1.2000e+02 1.9219e-95
9.0000e+01 1.3000e+02 2.6692e-106
9.0000e+01 1.4000e+02 5.0168e-118
9.0000e+01 1.5000e+02 1.2761e-130
9.0000e+01 1.6000e+02 4.3930e-144
9.0000e+01 1.7000e+02 2.0466e-158
9.0000e+01 1.8000e+02 1.2904e-173
9.0000e+01 1.9000e+02 1.1011e-189
9.0000e+01 2.0000e+02 1.2716e-206
1.0000e+02 -2.0000e+02 7.1246e-215
1.0000e+02 -1.9000e+02 6.1694e-198
1.0000e+02 -1.8000e+02 7.2300e-182
1.0000e+02 -1.7000e+02 1.1467e-166
1.0000e+02 -1.6000e+02 2.4613e-152
1.0000e+02 -1.5000e+02 7.1498e-139
1.0000e+02 -1.4000e+02 2.8108e-126
1.0000e+02 -1.3000e+02 1.4955e-114
1.0000e+02 -1.2000e+02 1.0768e-103
1.0000e+02 -1.1000e+02 1.0493e-93
1.0000e+02 -1.0000e+02 1.3839e-84
1.0000e+02 -9.0000e+01 2.4700e-76
1.0000e+02 -8.0000e+01 5.9663e-69
1.0000e+02 -7.0000e+01 1.9504e-62
1.0000e+02 -6.0000e+01 8.6288e-57
1.0000e+02 -5.0000e+01 5.1664e-52
1.0000e+02 -4.0000e+01 4.1864e-48
1.0000e+02 -3.0000e+01 4.5909e-45
1.0000e+02 -2.0000e+01 6.8136e-43
1.0000e+02 -1.0000e+01 1.3685e-41
1.0000e+02 0.0000e+00 3.7201e-41
1.0000e+02 1.0000e+01 1.3685e-41
1.0000e+02 2.0000e+01 6.8136e-43
1.0000e+02 3.0000e+01 4.5909e-45
1.0000e+02 4.0000e+01 4.1864e-48
1.0000e+02 5.0000e+01 5.1664e-52
1.0000e+02 6.0000e+01 8.6288e-57
1.0000e+02 7.0000e+01 1.9504e-62
1.0000e+02 8.0000e+01 5.9663e-69
1.0000e+02 9.0000e+01 2.4700e-76
1.0000e+02 1.0000e+02 1.3839e-84
1.0000e+02 1.1000e+02 1.0493e-93
1.0000e+02 1.2000e+02 1.0768e-103
1.0000e+02 1.3000e+02 1.4955e-114
1.0000e+02 1.4000e+02 2.8108e-126
1.0000e+02 1.5000e+02 7.1498e-139
1.0000e+02 1.6000e+02 2.4613e-152
1.0000e+02 1.7000e+02 1.1467e-166
1.0000e+02 1.8000e+02 7.2300e-182
1.0000e+02 1.9000e+02 6.1694e-198
1.0000e+02 2.0000e+02 7.1246e-215
1.1000e+02 -2.0000e+02 5.4023e-224
1.1000e+02 -1.9000e+02 4.6780e-207
1.1000e+02 -1.8000e+02 5.4822e-191
1.1000e+02 -1.7000e+02 8.6949e-176
1.1000e+02 -1.6000e+02 1.8663e-161
1.1000e+02 -1.5000e+02 5.4214e-148
1.1000e+02 -1.4000e+02 2.1313e-135
1.1000e+02 -1.3000e+02 1.1340e-123
1.1000e+02 -1.2000e+02 8.1651e-113
1.1000e+02 -1.1000e+02 7.9567e-103
1.1000e+02 -1.0000e+02 1.0493e-93
1.1000e+02 -9.0000e+01 1.8729e-85
1.1000e+02 -8.0000e+01 4.5240e-78
1.1000e+02 -7.0000e+01 1.4789e-71
1.1000e+02 -6.0000e+01 6.5428e-66
1.1000e+02 -5.0000e+01 3.9175e-61
1.1000e+02 -4.0000e+01 3.1744e-57
1.1000e+02 -3.0000e+01 3.4811e-54
1.1000e+02 -2.0000e+01 5.1664e-52
1.1000e+02 -1.0000e+01 1.0377e-50
1.1000e+02 0.0000e+00 2.8208e-50
1.1000e+02 1.0000e+01 1.0377e-50
1.1000e+02 2.0000e+01 5.1664e-52
1.1000e+02 3.0000e+01 3.4811e-54
1.1000e+02 4.0000e+01 3.1744e-57
1.1000e+02 5.0000e+01 3.9175e-61
1.1000e+02 6.0000e+01 6.5428e-66
1.1000e+02 7.0000e+01 1.4789e-71
1.1000e+02 8.0000e+01 4.5240e-78
1.1000e+02 9.0000e+01 1.8729e-85
1.1000e+02 1.0000e+02 1.0493e-93
1.1000e+02 1.1000e+02 7.9567e-103
1.1000e+02 1.2000e+02 8.1651e-113
1.1000e+02 1.3000e+02 1.1340e-123
1.1000e+02 1.4000e+02 2.1313e-135
1.1000e+02 1.5000e+02 5.4214e-148
1.1000e+02 1.6000e+02 1.8663e-161
1.1000e+02 1.7000e+02 8.6949e-176
1.1000e+02 1.8000e+02 5.4822e-191
1.1000e+02 1.9000e+02 4.6780e-207
1.1000e+02 2.0000e+02 5.4023e-224
1.2000e+02 -2.0000e+02 5.5437e-234
1.2000e+02 -1.9000e+02 4.8005e-217
1.2000e+02 -1.8000e+02 5.6258e-201
1.2000e+02 -1.7000e+02 8.9226e-186
1.2000e+02 -1.6000e+02 1.9152e-171
1.2000e+02 -1.5000e+02 5.5633e-158
1.2000e+02 -1.4000e+02 2.1871e-145
1.2000e+02 -1.3000e+02 1.1637e-133
1.2000e+02 -1.2000e+02 8.3789e-123
1.2000e+02 -1.1000e+02 8.1651e-113
1.2000e+02 -1.0000e+02 1.0768e-103
1.2000e+02 -9.0000e+01 1.9219e-95
1.2000e+02 -8.0000e+01 4.6425e-88
1.2000e+02 -7.0000e+01 1.5176e-81
1.2000e+02 -6.0000e+01 6.7142e-76
1.2000e+02 -5.0000e+01 4.0201e-71
1.2000e+02 -4.0000e+01 3.2575e-67
1.2000e+02 -3.0000e+01 3.5723e-64
1.2000e+02 -2.0000e+01 5.3017e-62
1.2000e+02 -1.0000e+01 1.0649e-60
1.2000e+02 0.0000e+00 2.8946e-60
1.2000e+02 1.0000e+01 1.0649e-60
1.2000e+02 2.0000e+01 5.3017e-62
1.2000e+02 3.0000e+01 3.5723e-64
1.2000e+02 4.0000e+01 3.2575e-67
1.2000e+02 5.0000e+01 4.0201e-71
1.2000e+02 6.0000e+01 6.7142e-76
1.2000e+02 7.0000e+01 1.5176e-81
1.2000e+02 8.0000e+01 4.6425e-88
1.2000e+02 9.0000e+01 1.9219e-95
1.2000e+02 1.0000e+02 1.0768e-103
1.2000e+02 1.1000e+02 8.1651e-113
1.2000e+02 1.2000e+02 8.3789e-123
1.2000e+02 1.3000e+02 1.1637e-133
1.2000e+02 1.4000e+02 2.1871e-145
1.2000e+02 1.5000e+02 5.5633e-158
1.2000e+02 1.6000e+02 1.9152e-171
1.2000e+02 1.7000e+02 8.9226e-186
1.2000e+02 1.8000e+02 5.6258e-201
1.2000e+02 1.9000e+02 4.8005e-217
1.2000e+02 2.0000e+02 5.5437e-234
1.3000e+02 -2.0000e+02 7.6991e-245
1.3000e+02 -1.9000e+02 6.6669e-228
1.3000e+02 -1.8000e+02 7.8130e-212
1.3000e+02 -1.7000e+02 1.2392e-196
1.3000e+02 -1.6000e+02 2.6598e-182
1.3000e+02 -1.5000e+02 7.7263e-169
1.3000e+02 -1.4000e+02 3.0375e-156
1.3000e+02 -1.3000e+02 1.6161e-144
1.3000e+02 -1.2000e+02 1.1637e-133
1.3000e+02 -1.1000e+02 1.1340e-123
1.3000e+02 -1.0000e+02 1.4955e-114
1.3000e+02 -9.0000e+01 2.6692e-106
1.3000e+02 -8.0000e+01 6.4474e-99
1.3000e+02 -7.0000e+01 2.1077e-92
1.3000e+02 -6.0000e+01 9.3246e-87
1.3000e+02 -5.0000e+01 5.5830e-82
1.3000e+02 -4.0000e+01 4.5240e-78
1.3000e+02 -3.0000e+01 4.9611e-75
1.3000e+02 -2.0000e+01 7.3630e-73
1.3000e+02 -1.0000e+01 1.4789e-71
1.3000e+02 0.0000e+00 4.0201e-71
1.3000e+02 1.0000e+01 1.4789e-71
1.3000e+02 2.0000e+01 7.3630e-73
1.3000e+02 3.0000e+01 4.9611e-75
1.3000e+02 4.0000e+01 4.5240e-78
1.3000e+02 5.0000e+01 5.5830e-82
1.3000e+02 6.0000e+01 9.3246e-87
1.3000e+02 7.0000e+01 2.1077e-92
1.3000e+02 8.0000e+01 6.4474e-99
1.3000e+02 9.0000e+01 2.6692e-106
1.3000e+02 1.0000e+02 1.4955e-114
1.3000e+02 1.1000e+02 1.1340e-123
1.3000e+02 1.2000e+02 1.1637e-133
1.3000e+02 1.3000e+02 1.6161e-144
1.3000e+02 1.4000e+02 3.0375e-156
1.3000e+02 1.5000e+02 7.7263e-169
1.3000e+02 1.6000e+02 2.6598e-182
1.3000e+02 1.7000e+02 1.2392e-196
1.3000e+02 1.8000e+02 7.8130e-212
1.3000e+02 1.9000e+02 6.6669e-228
1.3000e+02 2.0000e+02 7.6991e-245
1.4000e+02 -2.0000e+02 1.4471e-256
1.4000e+02 -1.9000e+02 1.2531e-239
1.4000e+02 -1.8000e+02 1.4685e-223
1.4000e+02 -1.7000e+02 2.3290e-208
1.4000e+02 -1.6000e+02 4.9991e-194
1.4000e+02 -1.5000e+02 1.4522e-180
1.4000e+02 -1.4000e+02 5.7090e-168
1.4000e+02 -1.3000e+02 3.0375e-156
1.4000e+02 -1.2000e+02 2.1871e-145
1.4000e+02 -1.1000e+02 2.1313e-135
1.4000e+02 -1.0000e+02 2.8108e-126
1.4000e+02 -9.0000e+01 5.0168e-118
1.4000e+02 -8.0000e+01 1.2118e-110
1.4000e+02 -7.0000e+01 3.9614e-104
1.4000e+02 -6.0000e+01 1.7526e-98
1.4000e+02 -5.0000e+01 1.0493e-93
1.4000e+02 -4.0000e+01 8.5030e-90
1.4000e+02 -3.0000e+01 9.3246e-87
1.4000e+02 -2.0000e+01 1.3839e-84
1.4000e+02 -1.0000e+01 2.7796e-83
1.4000e+02 0.0000e+00 7.5558e-83
1.4000e+02 1.0000e+01 2.7796e-83
1.4000e+02 2.0000e+01 1.3839e-84
1.4000e+02 3.0000e+01 9.3246e-87
1.4000e+02 4.0000e+01 8.5030e-90
1.4000e+02 5.0000e+01 1.0493e-93
1.4000e+02 6.0000e+01 1.7526e-98
1.4000e+02 7.0000e+01 3.9614e-104
1.4000e+02 8.0000e+01 1.2118e-110
1.4000e+02 9.0000e+01 5.0168e-118
1.4000e+02 1.0000e+02 2.8108e-126
1.4000e+02 1.1000e+02 2.1313e-135
1.4000e+02 1.2000e+02 2.1871e-145
1.4000e+02 1.3000e+02 3.0375e-156
1.4000e+02 1.4000e+02 5.7090e-168
1.4000e+02 1.5000e+02 1.4522e-180
1.4000e+02 1.6000e+02 4.9991e-194
1.4000e+02 1.7000e+02 2.3290e-208
1.4000e+02 1.8000e+02 1.4685e-223
1.4000e+02 1.9000e+02 1.2531e-239
1.4000e+02 2.0000e+02 1.4471e-256
1.5000e+02 -2.0000e+02 3.6809e-269
1.5000e+02 -1.9000e+02 3.1874e-252
1.5000e+02 -1.8000e+02 3.7353e-236
1.5000e+02 -1.7000e+02 5.9243e-221
1.5000e+02 -1.6000e+02 1.2716e-206
1.5000e+02 -1.5000e+02 3.6939e-193
1.5000e+02 -1.4000e+02 1.4522e-180
1.5000e+02 -1.3000e+02 7.7263e-169
1.5000e+02 -1.2000e+02 5.5633e-158
1.5000e+02 -1.1000e+02 5.4214e-148
1.5000e+02 -1.0000e+02 7.1498e-139
1.5000e+02 -9.0000e+01 1.2761e-130
1.5000e+02 -8.0000e+01 3.0824e-123
1.5000e+02 -7.0000e+01 1.0077e-116
1.5000e+02 -6.0000e+01 4.4580e-111
1.5000e+02 -5.0000e+01 2.6692e-106
1.5000e+02 -4.0000e+01 2.1629e-102
1.5000e+02 -3.0000e+01 2.3719e-99
1.5000e+02 -2.0000e+01 3.5202e-97
1.5000e+02 -1.0000e+01 7.0705e-96
1.5000e+02 0.0000e+00 1.9219e-95
1.5000e+02 1.0000e+01 7.0705e-96
1.5000e+02 2.0000e+01 3.5202e-97
1.5000e+02 3.0000e+01 2.3719e-99
1.5000e+02 4.0000e+01 2.1629e-102
1.5000e+02 5.0000e+01 2.6692e-106
1.5000e+02 6.0000e+01 4.4580e-111
1.5000e+02 7.0000e+01 1.0077e-116
1.5000e+02 8.0000e+01 3.0824e-123
1.5000e+02 9.0000e+01 1.2761e-130
1.5000e+02 1.0000e+02 7.1498e-139
1.5000e+02 1.1000e+02 5.4214e-148
1.5000e+02 1.2000e+02 5.5633e-158
1.5000e+02 1.3000e+02 7.7263e-169
1.5000e+02 1.4000e+02 1.4522e-180
1.5000e+02 1.5000e+02 3.6939e-193
1.5000e+02 1.6000e+02 1.2716e-206
1.5000e+02 1.7000e+02 5.9243e-221
1.5000e+02 1.8000e+02 3.7353e-236
1.5000e+02 1.9000e+02 3.1874e-252
1.5000e+02 2.0000e+02 3.6809e-269
1.6000e+02 -2.0000e+02 1.2671e-282
1.6000e+02 -1.9000e+02 1.0972e-265
1.6000e+02 -1.8000e+02 1.2859e-249
1.6000e+02 -1.7000e+02 2.0394e-234
1.6000e+02 -1.6000e+02 4.3775e-220
1.6000e+02 -1.5000e+02 1.2716e-206
1.6000e+02 -1.4000e+02 4.9991e-194
1.6000e+02 -1.3000e+02 2.6598e-182
1.6000e+02 -1.2000e+02 1.9152e-171
1.6000e+02 -1.1000e+02 1.8663e-161
1.6000e+02 -1.0000e+02 2.4613e-152
1.6000e+02 -9.0000e+01 4.3930e-144
1.6000e+02 -8.0000e+01 1.0611e-136
1.6000e+02 -7.0000e+01 3.4688e-130
1.6000e+02 -6.0000e+01 1.5347e-124
1.6000e+02 -5.0000e+01 9.1886e-120
1.6000e+02 -4.0000e+01 7.4456e-116
1.6000e+02 -3.0000e+01 8.1651e-113
1.6000e+02 -2.0000e+01 1.2118e-110
1.6000e+02 -1.0000e+01 2.4340e-109
1.6000e+02 0.0000e+00 6.6163e-109
1.6000e+02 1.0000e+01 2.4340e-109
1.6000e+02 2.0000e+01 1.2118e-110
1.6000e+02 3.0000e+01 8.1651e-113
1.6000e+02 4.0000e+01 7.4456e-116
1.6000e+02 5.0000e+01 9.1886e-120
1.6000e+02 6.0000e+01 1.5347e-124
1.6000e+02 7.0000e+01 3.4688e-130
1.6000e+02 8.0000e+01 1.0611e-136
1.6000e+02 9.0000e+01 4.3930e-144
1.6000e+02 1.0000e+02 2.4613e-152
1.6000e+02 1.1000e+02 1.8663e-161
1.6000e+02 1.2000e+02 1.9152e-171
1.6000e+02 1.3000e+02 2.6598e-182
1.6000e+02 1.4000e+02 4.9991e-194
1.6000e+02 1.5000e+02 1.2716e-206
1.6000e+02 1.6000e+02 4.3775e-220
1.6000e+02 1.7000e+02 2.0394e-234
1.6000e+02 1.8000e+02 1.2859e-249
1.6000e+02 1.9000e+02 1.0972e-265
1.6000e+02 2.0000e+02 1.2671e-282
1.7000e+02 -2.0000e+02 5.9034e-297
1.7000e+02 -1.9000e+02 5.1120e-280
1.7000e+02 -1.8000e+02 5.9908e-264
1.7000e+02 -1.7000e+02 9.5014e-249
1.7000e+02 -1.6000e+02 2.0394e-234
1.7000e+02 -1.5000e+02 5.9243e-221
1.7000e+02 -1.4000e+02 2.3290e-208
1.7000e+02 -1.3000e+02 1.2392e-196
1.7000e+02 -1.2000e+02 8.9226e-186
1.7000e+02 -1.1000e+02 8.6949e-176
1.7000e+02 -1.0000e+02 1.1467e-166
1.7000e+02 -9.0000e+01 2.0466e-158
1.7000e+02 -8.0000e+01 4.9437e-151
1.7000e+02 -7.0000e+01 1.6161e-144
1.7000e+02 -6.0000e+01 7.1498e-139
1.7000e+02 -5.0000e+01 4.2809e-134
1.7000e+02 -4.0000e+01 3.4688e-130
1.7000e+02 -3.0000e+01 3.8040e-127
1.7000e+02 -2.0000e+01 5.6457e-125
1.7000e+02 -1.0000e+01 1.1340e-123
1.7000e+02 0.0000e+00 3.0824e-123
1.7000e+02 1.0000e+01 1.1340e-123
1.7000e+02 2.0000e+01 5.6457e-125
1.7000e+02 3.0000e+01 3.8040e-127
1.7000e+02 4.0000e+01 3.4688e-130
1.7000e+02 5.0000e+01 4.2809e-134
1.7000e+02 6.0000e+01 7.1498e-139
1.7000e+02 7.0000e+01 1.6161e-144
1.7000e+02 8.0000e+01 4.9437e-151
1.7000e+02 9.0000e+01 2.0466e-158
1.7000e+02 1.0000e+02 1.1467e-166
1.7000e+02 1.1000e+02 8.6949e-176
1.7000e+02 1.2000e+02 8.9226e-186
1.7000e+02 1.3000e+02 1.2392e-196
1.7000e+02 1.4000e+02 2.3290e-208
1.7000e+02 1.5000e+02 5.9243e-221
1.7000e+02 1.6000e+02 2.0394e-234
1.7000e+02 1.7000e+02 9.5014e-249
1.7000e+02 1.8000e+02 5.9908e-264
1.7000e+02 1.9000e+02 5.1120e-280
1.7000e+02 2.0000e+02 5.9034e-297
1.8000e+02 -2.0000e+02 3.7222e-312
1.8000e+02 -1.9000e+02 3.2231e-295
1.8000e+02 -1.8000e+02 3.7772e-279
1.8000e+02 -1.7000e+02 5.9908e-264
1.8000e+02 -1.6000e+02 1.2859e-249
1.8000e+02 -1.5000e+02 3.7353e-236
1.8000e+02 -1.4000e+02 1.4685e-223
1.8000e+02 -1.3000e+02 7.8130e-212
1.8000e+02 -1.2000e+02 5.6258e-201
1.8000e+02 -1.1000e+02 5.4822e-191
1.8000e+02 -1.0000e+02 7.2300e-182
1.8000e+02 -9.0000e+01 1.2904e-173
1.8000e+02 -8.0000e+01 3.1170e-166
1.8000e+02 -7.0000e+01 1.0190e-159
1.8000e+02 -6.0000e+01 4.5080e-154
1.8000e+02 -5.0000e+01 2.6991e-149
1.8000e+02 -4.0000e+01 2.1871e-145
1.8000e+02 -3.0000e+01 2.3985e-142
1.8000e+02 -2.0000e+01 3.5597e-140
1.8000e+02 -1.0000e+01 7.1498e-139
1.8000e+02 0.0000e+00 1.9435e-138
1.8000e+02 1.0000e+01 7.1498e-139
1.8000e+02 2.0000e+01 3.5597e-140
1.8000e+02 3.0000e+01 2.3985e-142
1.8000e+02 4.0000e+01 2.1871e-145
1.8000e+02 5.0000e+01 2.6991e-149
1.8000e+02 6.0000e+01 4.5080e-154
1.8000e+02 7.0000e+01 1.0190e-159
1.8000e+02 8.0000e+01 3.1170e-166
1.8000e+02 9.0000e+01 1.2904e-173
1.8000e+02 1.0000e+02 7.2300e-182
1.8000e+02 1.1000e+02 5.4822e-191
1.8000e+02 1.2000e+02 5.6258e-201
1.8000e+02 1.3000e+02 7.8130e-212
1.8000e+02 1.4000e+02 1.4685e-223
1.8000e+02 1.5000e+02 3.7353e-236
1.8000e+02 1.6000e+02 1.2859e-249
1.8000e+02 1.7000e+02 5.9908e-264
1.8000e+02 1.8000e+02 3.7772e-279
1.8000e+02 1.9000e+02 3.2231e-295
1.8000e+02 2.0000e+02 3.7222e-312
1.9000e+02 -2.0000e+02 0.0000e+00
1.9000e+02 -1.9000e+02 2.7503e-311
1.9000e+02 -1.8000e+02 3.2231e-295
1.9000e+02 -1.7000e+02 5.1120e-280
1.9000e+02 -1.6000e+02 1.0972e-265
1.9000e+02 -1.5000e+02 3.1874e-252
1.9000e+02 -1.4000e+02 1.2531e-239
1.9000e+02 -1.3000e+02 6.6669e-228
1.9000e+02 -1.2000e+02 4.8005e-217
1.9000e+02 -1.1000e+02 4.6780e-207
1.9000e+02 -1.0000e+02 6.1694e-198
1.9000e+02 -9.0000e+01 1.1011e-189
1.9000e+02 -8.0000e+01 2.6598e-182
1.9000e+02 -7.0000e+01 8.6949e-176
1.9000e+02 -6.0000e+01 3.8467e-170
1.9000e+02 -5.0000e+01 2.3032e-165
1.9000e+02 -4.0000e+01 1.8663e-161
1.9000e+02 -3.0000e+01 2.0466e-158
1.9000e+02 -2.0000e+01 3.0375e-156
1.9000e+02 -1.0000e+01 6.1010e-155
1.9000e+02 0.0000e+00 1.6584e-154
1.9000e+02 1.0000e+01 6.1010e-155
1.9000e+02 2.0000e+01 3.0375e-156
1.9000e+02 3.0000e+01 2.0466e-158
1.9000e+02 4.0000e+01 1.8663e-161
1.9000e+02 5.0000e+01 2.3032e-165
1.9000e+02 6.0000e+01 3.8467e-170
1.9000e+02 7.0000e+01 8.6949e-176
1.9000e+02 8.0000e+01 2.6598e-182
1.9000e+02 9.0000e+01 1.1011e-189
1.9000e+02 1.0000e+02 6.1694e-198
1.9000e+02 1.1000e+02 4.6780e-207
1.9000e+02 1.2000e+02 4.8005e-217
1.9000e+02 1.3000e+02 6.6669e-228
1.9000e+02 1.4000e+02 1.2531e-239
1.9000e+02 1.5000e+02 3.1874e-252
1.9000e+02 1.6000e+02 1.0972e-265
1.9000e+02 1.7000e+02 5.1120e-280
1.9000e+02 1.8000e+02 3.2231e-295
1.9000e+02 1.9000e+02 2.7503e-311
1.9000e+02 2.0000e+02 0.0000e+00
2.0000e+02 -2.0000e+02 0.0000e+00
2.0000e+02 -1.9000e+02 0.0000e+00
2.0000e+02 -1.8000e+02 3.7222e-312
2.0000e+02 -1.7000e+02 5.9034e-297
2.0000e+02 -1.6000e+02 1.2671e-282
2.0000e+02 -1.5000e+02 3.6809e-269
2.0000e+02 -1.4000e+02 1.4471e-256
2.0000e+02 -1.3000e+02 7.6991e-245
2.0000e+02 -1.2000e+02 5.5437e-234
2.0000e+02 -1.1000e+02 5.4023e-224
2.0000e+02 -1.0000e+02 7.1246e-215
2.0000e+02 -9.0000e+01 1.2716e-206
2.0000e+02 -8.0000e+01 3.0716e-199
2.0000e+02 -7.0000e+01 1.0041e-192
2.0000e+02 -6.0000e+01 4.4423e-187
2.0000e+02 -5.0000e+01 2.6598e-182
2.0000e+02 -4.0000e+01 2.1552e-178
2.0000e+02 -3.0000e+01 2.3635e-175
2.0000e+02 -2.0000e+01 3.5078e-173
2.0000e+02 -1.0000e+01 7.0455e-172
2.0000e+02 0.0000e+00 1.9152e-171
2.0000e+02 1.0000e+01 7.0455e-172
2.0000e+02 2.0000e+01 3.5078e-173
2.0000e+02 3.0000e+01 2.3635e-175
2.0000e+02 4.0000e+01 2.1552e-178
2.0000e+02 5.0000e+01 2.6598e-182
2.0000e+02 6.0000e+01 4.4423e-187
2.0000e+02 7.0000e+01 1.0041e-192
2.0000e+02 8.0000e+01 3.0716e-199
2.0000e+02 9.0000e+01 1.2716e-206
2.0000e+02 1.0000e+02 7.1246e-215
2.0000e+02 1.1000e+02 5.4023e-224
2.0000e+02 1.2000e+02 5.5437e-234
2.0000e+02 1.3000e+02 7.6991e-245
2.0000e+02 1.4000e+02 1.4471e-256
2.0000e+02 1.5000e+02 3.6809e-269
2.0000e+02 1.6000e+02 1.2671e-282
2.0000e+02 1.7000e+02 5.9034e-297
2.0000e+02 1.8000e+02 3.7222e-312
2.0000e+02 1.9000e+02 0.0000e+00
2.0000e+02 2.0000e+02 0.0000e+00
